v1<-c(25.0,95.0,100.0,105.0,110.0,120.0,175.0,212.5,272.5,305.0,360.0,450.0,662.5,812,1000.0,1250.0,1950.0)
v2<-c(-1000, 500, 600, 700, 800, 900, 1400, 1500, 1650, 1700, 1750, 1800, 1875, 1900, 1925, 1950, 1975)
v4 <-c(43.602941,111.132075,116.981132,122.830189,128.679245,149.377358,199.088235,303.770492,349.0,401.311475,501.639344,738.524590,905.737705,1114.754098,1393.442623,2173.770492,2175)

dates1<-c(-502, -420, 302, 759, 771, 815, 909, 1069, 1093, 1096, 1110, 1110, 1134, 1135, 1137, 1138, 1139, 1143, 1144, 1148, 1149, 1151, 1156, 1162, 1167, 1201, 1203, 1207, 1208, 1232, 1245, 1264, 1287, 1289, 1375, 1381, 1397, 1408, 1414, 1426, 1439, 1462, 1473, 1481, 1483, 1485, 1508, 1525, 1527, 1555, 1569, 1572, 1584, 1586, 1616, 1619, 1622, 1642, 1645, 1646, 1650, 1653, 1655, 1657, 1659, 1666, 1672, 1675, 1678, 1686, 1692, 1692, 1692, 1694, 1698, 1699, 1701, 1703, 1703, 1704, 1711, 1711, 1713, 1716, 1719, 1719, 1720, 1739, 1748, 1755, 1759, 1764, 1764, 1772, 1782, 1787, 1788, 1806, 1811, 1814, 1821, 1822, 1824, 1825, 1826, 1839, 1840, 1841, 1848, 1849, 1853, 1856, 1857, 1859, 1862, 1862, 1862, 1863, 1863, 1864, 1864, 1864, 1864, 1864, 1865, 1865, 1866, 1866, 1866, 1866, 1867, 1867, 1867, 1867, 1867, 1868, 1868, 1868, 1868, 1868, 1868, 1868, 1869, 1869, 1870, 1870, 1870, 1870, 1870, 1871, 1871, 1871, 1872, 1872, 1873, 1873, 1873, 1873, 1873, 1873, 1873, 1874, 1874, 1874, 1874, 1875, 1875, 1876, 1876, 1876, 1876, 1876, 1877, 1877, 1877, 1877, 1878, 1878, 1878, 1878, 1879, 1879, 1879, 1879, 1879, 1880, 1881, 1882, 1882, 1882, 1882, 1883, 1883, 1883, 1885, 1885, 1886, 1886, 1887, 1888, 1888, 1889, 1889, 1890, 1891, 1891, 1891, 1892, 1892, 1894, 1895, 1896, 1898, 1899, 1899, 1899, 1901, 1901, 1903, 1903, 1905, 1905, 1907, 1907, 1908, 1908, 1908, 1909, 1909, 1911, 1911, 1912, 1912, 1912, 1913, 1914, 1915, 1915, 1915, 1916, 1917, 1917, 1917, 1917, 1918, 1920, 1920, 1920, 1921, 1921, 1921, 1921, 1922, 1923, 1924, 1924, 1924, 1925, 1926, 1927, 1928, 1928, 1929, 1929, 1929, 1930, 1932, 1932, 1933, 1933, 1934, 1934, 1934, 1936, 1937, 1938, 1939, 1939, 1939, 1940, 1940, 1940, 1940, 1941, 1941, 1941, 1941, 1941, 1942, 1942, 1942, 1942, 1942, 1942, 1943, 1943, 1943, 1943, 1943, 1944, 1944, 1944, 1944, 1944, 1944, 1944, 1945, 1945, 1945, 1945, 1946, 1946, 1946, 1947, 1947, 1947, 1947, 1948, 1950, 1950, 1950)
dates2 <-c(-717, -636, 162, 681, 695, 737, 801, 986, 1052, 1056, 1057, 1059, 1073, 1084, 1088, 1095, 1100, 1100, 1102, 1104, 1107, 1113, 1117, 1121, 1123, 1131, 1131, 1151, 1155, 1169, 1182, 1212, 1217, 1236, 1324, 1335, 1357, 1366, 1367, 1373, 1391, 1423, 1424, 1434, 1448, 1450, 1453, 1487, 1491, 1519, 1525, 1535, 1541, 1558, 1588, 1591, 1593, 1596, 1616, 1618, 1621, 1628, 1629, 1631, 1634, 1639, 1650, 1658, 1659, 1663, 1664, 1670, 1671, 1672, 1673, 1683, 1687, 1691, 1693, 1698, 1698, 1705, 1707, 1708, 1710, 1711, 1711, 1718, 1730, 1734, 1735, 1747, 1753, 1761, 1761, 1773, 1775, 1788, 1798, 1804, 1818, 1818, 1821, 1821, 1825, 1828, 1839, 1842, 1849, 1855, 1855, 1860, 1865, 1865, 1866, 1869, 1870, 1871, 1872, 1873, 1873, 1876, 1878, 1878, 1879, 1879, 1879, 1881, 1881, 1882, 1883, 1883, 1884, 1884, 1885, 1885, 1886, 1886, 1887, 1887, 1887, 1888, 1888, 1888, 1888, 1888, 1888, 1888, 1888, 1888, 1889, 1889, 1889, 1890, 1891, 1891, 1891, 1891, 1891, 1891, 1892, 1892, 1892, 1892, 1892, 1893, 1893, 1893, 1893, 1893, 1893, 1893, 1893, 1893, 1894, 1894, 1894, 1894, 1895, 1895, 1896, 1896, 1896, 1896, 1896, 1896, 1896, 1896, 1897, 1897, 1897, 1897, 1897, 1898, 1898, 1898, 1898, 1899, 1900, 1900, 1901, 1903, 1903, 1904, 1904, 1904, 1905, 1906, 1906, 1907, 1907, 1909, 1910, 1911, 1913, 1913, 1913, 1914, 1916, 1917, 1917, 1918, 1919, 1919, 1919, 1920, 1923, 1923, 1924, 1925, 1925, 1927, 1928, 1929, 1930, 1930, 1931, 1932, 1932, 1933, 1933, 1934, 1935, 1935, 1936, 1938, 1938, 1939, 1940, 1940, 1940, 1941, 1942, 1942, 1942, 1944, 1944, 1944, 1945, 1946, 1947, 1948, 1948, 1949, 1950, 1950, 1950, 1951, 1951, 1951, 1954, 1954, 1954, 1955, 1959, 1959, 1960, 1960, 1964, 1964, 1964, 1966, 1966, 1967, 1967, 1967, 1968, 1968, 1969, 1969, 1970, 1971, 1971, 1971, 1971, 1972, 1972, 1972, 1973, 1973, 1973, 1973, 1973, 1973, 1974, 1974, 1974, 1974, 1975, 1975, 1975, 1975, 1975, 1976, 1976, 1976, 1977, 1978, 1981, 1982, 1983)

lins <- c(2, 3, 4, 5, 6, 7, 8, 9, 10, 11, 12, 13, 14, 15, 16, 17, 18, 19, 20, 21, 22, 23, 24, 25, 26, 27, 28, 29, 30, 31, 32, 33, 34, 35, 36, 37, 38, 39, 40, 41, 42, 43, 44, 45, 46, 47, 48, 49, 50, 51, 52, 53, 54, 55, 56, 57, 58, 59, 60, 61, 62, 63, 64, 65, 66, 67, 68, 69, 70, 71, 72, 73, 74, 75, 76, 77, 78, 79, 80, 81, 82, 83, 84, 85, 86, 87, 88, 89, 90, 91, 92, 93, 94, 95, 96, 97, 98, 99, 100, 101, 102, 103, 104, 105, 106, 107, 108, 109, 110, 111, 112, 113, 114, 115, 116, 117, 118, 119, 120, 121, 122, 123, 124, 125, 126, 127, 128, 129, 130, 131, 132, 133, 134, 135, 136, 137, 138, 139, 140, 141, 142, 143, 144, 145, 146, 147, 148, 149, 150, 151, 152, 153, 154, 155, 156, 157, 158, 159, 160, 161, 162, 163, 164, 165, 166, 167, 168, 169, 170, 171, 172, 173, 174, 175, 176, 177, 178, 179, 180, 181, 182, 183, 184, 185, 186, 187, 188, 189, 190, 191, 192, 193, 194, 195, 196, 197, 198, 199, 200, 201, 202, 203, 204, 205, 206, 207, 208, 209, 210, 211, 212, 213, 214, 215, 216, 217, 218, 219, 220, 221, 222, 223, 224, 225, 226, 227, 228, 229, 230, 231, 232, 233, 234, 235, 236, 237, 238, 239, 240, 241, 242, 243, 244, 245, 246, 247, 248, 249, 250, 251, 252, 253, 254, 255, 256, 257, 258, 259, 260, 261, 262, 263, 264, 265, 266, 267, 268, 269, 270, 271, 272, 273, 274, 275, 276, 277, 278, 279, 280, 281, 282, 283, 284, 285, 286, 287, 288, 289, 290, 291, 292, 293, 294, 295, 296, 297, 298, 299, 300, 301, 302, 303, 304, 305, 306, 307, 308, 309, 310, 311, 312, 313, 314, 315, 316, 317, 318, 319, 320, 321, 322)

my_plot <- ggplot() + geom_line(mapping=aes(v2,v1)) + geom_line(mapping=aes(v2,v4)) +
        geom_line(mapping=aes(dates1,lins)) + geom_line(mapping=aes(dates2,lins))

#lines below were an attempt to use 'ggdual_axis' but this function is not availabe in  my Rlibrary
#p1 <- ggplot() + geom_line(mapping=aes(v2,v1)) + geom_line(mapping=aes(v2,v4)) 
#p2 <- ggplot() + geom_line(mapping=aes(dates1,lins)) + geom_line(mapping=aes(dates2,lins)) 
#my_plot <- ggdual_axis(lhs=p1,rhs=p2)


print(my_plot)



